<?xml version="1.0"?>
<opencv_storage>
<calibration_Time>"Wed Dec 30 09:12:43 2015"</calibration_Time>
<nrOfFrames>8</nrOfFrames>
<image_Width>640</image_Width>
<image_Height>480</image_Height>
<board_Width>8</board_Width>
<board_Height>6</board_Height>
<square_Size>50.</square_Size>
<FixAspectRatio>1.</FixAspectRatio>
<!-- flags:  +fix_aspectRatio +fix_principal_point +zero_tangent_dist -->
<flagValue>14</flagValue>
<Camera_Matrix type_id="opencv-matrix">
  <rows>3</rows>
  <cols>3</cols>
  <dt>d</dt>
  <data>
    4.8903162499917335e+02 0. 3.1950000000000000e+02 0.
    4.8903162499917335e+02 2.3950000000000000e+02 0. 0. 1.</data></Camera_Matrix>
<Distortion_Coefficients type_id="opencv-matrix">
  <rows>5</rows>
  <cols>1</cols>
  <dt>d</dt>
  <data>
    -2.0288029384931704e-02 -6.2252469425467569e-02 0. 0.
    6.9960479256387598e-01</data></Distortion_Coefficients>
<Avg_Reprojection_Error>2.7657877226408939e-01</Avg_Reprojection_Error>
<Per_View_Reprojection_Errors type_id="opencv-matrix">
  <rows>8</rows>
  <cols>1</cols>
  <dt>f</dt>
  <data>
    4.03669029e-01 1.83008090e-01 3.32952529e-01 2.23648384e-01
    1.72604427e-01 1.64190695e-01 2.82785147e-01 3.43411714e-01</data></Per_View_Reprojection_Errors>
<!-- a set of 6-tuples (rotation vector + translation vector) for each view -->
<Extrinsic_Parameters type_id="opencv-matrix">
  <rows>8</rows>
  <cols>6</cols>
  <dt>d</dt>
  <data>
    -4.0964412544378694e-02 -4.2701309296195644e-02
    1.8338267730172497e-02 -1.3841970410519929e+02
    -1.2357235621090176e+02 5.2476501002876580e+02
    -8.4487193815214606e-02 1.7616894356730631e-01
    -4.8968148369027492e-01 -1.8164977836422318e+02
    9.3323906213034906e+00 6.7565635828910968e+02
    -3.9469200663841873e-02 1.0207786313927528e-01
    1.0838312727484696e+00 8.2976515969643927e+01
    -2.2789717793202448e+02 6.7291088827136809e+02
    -6.6898711798289295e-02 2.0255199135828302e-02
    7.4852887579275684e-01 -6.7427200420874991e+00
    -2.3694332490841643e+02 6.4396520678591810e+02
    -1.4010016488160595e-01 -5.4248253283069453e-02
    4.4942194093444138e-01 -5.5390600642122379e+01
    -2.3005370340571980e+02 6.3633358801063105e+02
    -1.4380283724347157e-01 1.8270242103037007e-01
    -3.4378256428668214e-01 -1.7740015884315559e+02
    -6.5096722613775142e+01 6.8393082083989407e+02
    -2.2917032905604437e-01 4.4647280999085598e-01
    -9.6341902949597680e-01 -1.3003373447975534e+02
    9.2296831708208174e+01 7.4117655432352319e+02
    -2.0466309323107271e-01 2.5765913274643493e-01
    -1.4091583288718803e+00 -5.9957115025942727e+01
    1.5950309109134895e+02 6.6759548625609648e+02</data></Extrinsic_Parameters>
<Image_points type_id="opencv-matrix">
  <rows>8</rows>
  <cols>48</cols>
  <dt>"2f"</dt>
  <data>
    1.90869080e+02 1.24144791e+02 2.37481445e+02 1.25529205e+02
    2.83547455e+02 1.26793076e+02 3.29703522e+02 1.28186676e+02
    3.75366180e+02 1.29547974e+02 4.20612030e+02 1.30864410e+02
    4.65753784e+02 1.32371948e+02 5.10460663e+02 1.33750748e+02
    1.89667816e+02 1.70417740e+02 2.36479996e+02 1.71610809e+02
    2.82683838e+02 1.72642319e+02 3.29021301e+02 1.73822189e+02
    3.74752411e+02 1.74994202e+02 4.20474457e+02 1.76356079e+02
    4.65587830e+02 1.77542923e+02 5.10380737e+02 1.78801987e+02
    1.88543365e+02 2.17181107e+02 2.35339142e+02 2.18089401e+02
    2.81883514e+02 2.19030273e+02 3.28426758e+02 2.19879379e+02
    3.74380188e+02 2.20993637e+02 4.20073975e+02 2.22060684e+02
    4.65460205e+02 2.23118881e+02 5.10320282e+02 2.24259354e+02
    1.87302887e+02 2.64244202e+02 2.34423065e+02 2.64956207e+02
    2.81010468e+02 2.65653748e+02 3.27703430e+02 2.66503754e+02
    3.73811768e+02 2.67355591e+02 4.19693665e+02 2.68203064e+02
    4.65215576e+02 2.69024902e+02 5.10352936e+02 2.69970947e+02
    1.85953644e+02 3.11760712e+02 2.33286469e+02 3.12266602e+02
    2.80186493e+02 3.12807190e+02 3.26918884e+02 3.13466217e+02
    3.73216125e+02 3.14094330e+02 4.19299377e+02 3.14698181e+02
    4.64943787e+02 3.15428101e+02 5.10192017e+02 3.16198547e+02
    1.84979370e+02 3.59885742e+02 2.32256454e+02 3.59886414e+02
    2.79303650e+02 3.60415863e+02 3.26078552e+02 3.60846619e+02
    3.72710510e+02 3.61243073e+02 4.18884735e+02 3.61894501e+02
    4.64844757e+02 3.62331573e+02 5.10357941e+02 3.62706512e+02
    1.88210464e+02 2.46178925e+02 2.18418076e+02 2.28881989e+02
    2.49221741e+02 2.11275406e+02 2.81017273e+02 1.93177307e+02
    3.13387482e+02 1.74649719e+02 3.46498535e+02 1.55812546e+02
    3.80559113e+02 1.36537018e+02 4.15236481e+02 1.16880829e+02
    2.03813370e+02 2.78388580e+02 2.34503189e+02 2.61284088e+02
    2.65669098e+02 2.43827209e+02 2.97968414e+02 2.25865280e+02
    3.30811890e+02 2.07616409e+02 3.64605682e+02 1.88919052e+02
    3.98994629e+02 1.69793396e+02 4.34270538e+02 1.50388107e+02
    2.19839432e+02 3.11173462e+02 2.50815521e+02 2.94301849e+02
    2.82604828e+02 2.77000793e+02 3.15359161e+02 2.59267883e+02
    3.48715515e+02 2.41248154e+02 3.82870789e+02 2.22726013e+02
    4.17924316e+02 2.03800659e+02 4.53631409e+02 1.84587143e+02
    2.36056183e+02 3.44505402e+02 2.67564636e+02 3.27809967e+02
    2.99736633e+02 3.10765594e+02 3.33060516e+02 2.93274231e+02
    3.66806305e+02 2.75436340e+02 4.01639923e+02 2.57194611e+02
    4.37151306e+02 2.38480682e+02 4.73527374e+02 2.19441055e+02
    2.52553497e+02 3.78602661e+02 2.84545410e+02 3.62102600e+02
    3.17296875e+02 3.45251434e+02 3.50876984e+02 3.27994476e+02
    3.85316986e+02 3.10429108e+02 4.20599762e+02 2.92360168e+02
    4.56689575e+02 2.73943451e+02 4.93596741e+02 2.55140686e+02
    2.69409698e+02 4.13375305e+02 3.01823486e+02 3.97027893e+02
    3.35065704e+02 3.80443634e+02 3.69134277e+02 3.63467865e+02
    4.04081421e+02 3.46127960e+02 4.40024719e+02 3.28393738e+02
    4.76677704e+02 3.10191803e+02 5.14245300e+02 2.91451202e+02
    3.80214661e+02 7.43813400e+01 3.97593170e+02 1.05203156e+02
    4.15126434e+02 1.36323517e+02 4.33180634e+02 1.68273239e+02
    4.51264648e+02 2.00526962e+02 4.69650482e+02 2.33383041e+02
    4.88349701e+02 2.66725311e+02 5.07260132e+02 3.00583496e+02
    3.48010681e+02 9.15227203e+01 3.65099457e+02 1.22431427e+02
    3.82447144e+02 1.53601654e+02 4.00150726e+02 1.85675903e+02
    4.18073578e+02 2.18072220e+02 4.36242523e+02 2.51075668e+02
    4.54636322e+02 2.84466705e+02 4.73252136e+02 3.18362610e+02
    3.15750305e+02 1.08675438e+02 3.32673309e+02 1.39551117e+02
    3.49758453e+02 1.71007294e+02 3.67332794e+02 2.03174850e+02
    3.84856293e+02 2.35604156e+02 4.02807831e+02 2.68605042e+02
    4.20916656e+02 3.02225220e+02 4.39345306e+02 3.36166962e+02
    2.83661255e+02 1.25755363e+02 3.00315918e+02 1.56805176e+02
    3.17284241e+02 1.88369080e+02 3.34440491e+02 2.20580414e+02
    3.51831543e+02 2.53143311e+02 3.69492676e+02 2.86267151e+02
    3.87391968e+02 3.19840118e+02 4.05403229e+02 3.53929626e+02
    2.51414017e+02 1.42863831e+02 2.67921692e+02 1.74047073e+02
    2.84573090e+02 2.05635315e+02 3.01573425e+02 2.37856491e+02
    3.18600128e+02 2.70540527e+02 3.36059631e+02 3.03745300e+02
    3.53658478e+02 3.37499695e+02 3.71543396e+02 3.71559662e+02
    2.19360260e+02 1.60078918e+02 2.35452820e+02 1.91127930e+02
    2.51963852e+02 2.22899094e+02 2.68681274e+02 2.55147858e+02
    2.85589478e+02 2.87829712e+02 3.02772858e+02 3.21300842e+02
    3.20041016e+02 3.55022583e+02 3.37660889e+02 3.89281799e+02
    3.14755219e+02 5.99781570e+01 3.42523712e+02 8.51781235e+01
    3.70389252e+02 1.10445808e+02 3.98607178e+02 1.36063705e+02
    4.26909668e+02 1.61721283e+02 4.55465332e+02 1.87678635e+02
    4.84161621e+02 2.13836884e+02 5.12935486e+02 2.40152740e+02
    2.88766479e+02 8.70468750e+01 3.16557129e+02 1.12403549e+02
    3.44501770e+02 1.37717590e+02 3.72785034e+02 1.63600479e+02
    4.01225281e+02 1.89526947e+02 4.29797668e+02 2.15715958e+02
    4.58572784e+02 2.42007614e+02 4.87387909e+02 2.68550262e+02
    2.62494049e+02 1.14400116e+02 2.90378510e+02 1.39769318e+02
